ψ-11(]·....

1111111 Ν11111111 11, 111 11111 111111,111111111111111111
' 1111 11 1111111111 eiusdemque 1111111. 1. p. 117. de locorum
in boream versus sitorum iniquitate reputamus: 11 1111 a
country 11 11111111111 111 111111111111111 111 11111111 p
11111 1111111 11111 11 111111111111111111111111( 1111 i

1111 1 11111 111111 of nature, 1111 1111111 merely 1111111 111-
111 11 111 1111 1111111111111111, 111111111111111111
appearance 11111 of 111,· iisque addimus, quae 8111111111-
’ inus 1.1. 1. 351., quum ruinas examinaret, sensit: 1111
11111 8111111111 11111111 111 1111111 1111111 1111111111
111 11111111 Μ11111 11111 8111111111111111111111111111-
111 Norden, 11111111 11111111 11111111 111 11111 (i. 1. Ko-
, jundshuk), welche 111 Μ1·1111111111111111. 1111111111 11-
11111111 111 1111111111 libone, 111111111111111111111111111
Τ1111111111111 111 1111111 111111111111111111111111111111
81111111111111111,· idem 1353181 1111111111 11111111
1111181111111111 111 1111 1111111111 Τ11-Ν1111 (ci. p. 19.)
111111111111111111, 111111 1111, 1111111 1111111111111
Norden 1111111111111, 111111111111111111111, 111 11 111-

' ζ 11111 Ν1111 1111111111111111111, 111111111111111111111111,

111111 111111 1111111 111 111 ι111111111111111111111111111

- 111 61111111 11111111 111111111111111 111 1111111 1111111

811111111, 1111 mit 811111111111, 1111111111111111 auf
11111111 11111111111111 111111111, 1111111111. 81111111-
1111Ά11111111111 11111 1111111111 111 11111111, 1111111
, 1111111111111111111111110111111111 111111111, 111 1111-

’ 1111111111111111 Τ111111111111111 111111 11111 111111 11111

111 [11111 1111111111, 111 111111111111121111111, 1111111
Plau, 111 111 81111 1111111111111 11111111, 111 1111111
Α111111111111111,· porro eifisdem verba p. 357. de itinere 11
Karakuih vicum: 11 111 1111 111111 8111111111111 1111
111118111111 111 1111111 1111“Μ11111(111111111111111) 111-
11111, 111111 11111111111111 11111111 1111111 1111 11111111
111111111, 111 111111 11111111 1111 111 111 Τ11111111111111-
11111 11111111 1111111111 111111. 0110111111 11111 11111
111 111111 1111111111 111 11111111111 11111111 111811111111111,
1111111 1111 111 1118111111 11111, 111 1111111 1111111111 8111111,
11111111111111, 1111111111, 8111 1111 71111 11 11111111

 

